0 0 0 1 0 0 0 1 0 0 0 1 0 0 0 1 0 0 0 
0 0 0 1 0 0 0 1 0 0 0 1 0 0 0 1 0 0 0 
0 0 0 1 0 0 0 1 0 0 0 1 0 0 0 1 0 0 0 
0 0 0 1 0 0 0 1 0 0 0 1 0 0 0 1 0 0 0 
0 0 0 1 0 0 0 1 0 0 0 1 0 0 0 1 0 0 0 
0 0 0 1 0 0 0 1 0 0 0 1 0 0 0 1 0 0 0 
0 0 0 1 0 0 0 1 0 0 0 1 0 0 0 1 0 0 0 
0 0 0 1 0 0 0 1 0 0 0 1 0 0 0 1 0 0 0 
0 0 0 1 0 0 0 1 0 0 0 1 0 0 0 1 0 0 0 
0 0 0 1 0 0 0 1 0 0 0 1 0 0 0 1 0 0 0 
0 0 0 1 0 0 0 1 0 0 0 1 0 0 0 1 0 0 0 
0 0 0 1 0 0 0 1 0 0 0 1 0 0 0 1 0 0 0 
0 0 0 1 0 0 0 1 0 0 0 1 0 0 0 1 0 0 0 
0 0 0 1 0 0 0 1 0 0 0 1 0 0 0 1 0 0 0 
0 0 0 1 0 0 0 1 0 0 0 1 0 0 0 1 0 0 0 
0 0 0 1 0 0 0 1 0 0 0 1 0 0 0 1 0 0 0 
0 0 0 1 0 0 0 1 0 0 0 1 0 0 0 1 0 0 0 
0 0 0 1 0 0 0 1 0 0 0 1 0 0 0 1 0 0 0 
0 0 0 1 0 0 0 1 0 0 0 1 0 0 0 1 0 0 0 
0 0 0 1 0 0 0 1 0 0 0 1 0 0 0 1 0 0 0 
1 1 1 1 1 1 1 1 1 1 1 1 1 1 1 1 1 1 1 1 
1 1 1 1 1 1 1 1 1 1 1 1 1 1 1 1 1 1 1 1 
1 1 1 1 1 1 1 1 1 1 1 1 1 1 1 1 1 1 1 1 
1 1 1 1 1 1 1 1 1 1 1 1 1 1 1 1 1 1 1 1 
1 1 1 1 1 1 1 1 1 1 1 1 1 1 1 1 1 1 1 1 
1 1 1 1 1 1 1 1 1 1 1 1 1 1 1 1 1 1 1 1 
1 1 1 1 1 1 1 1 1 1 1 1 1 1 1 1 1 1 1 1 
1 1 1 1 1 1 1 1 1 1 1 1 1 1 1 1 1 1 1 1 
1 1 1 1 1 1 1 1 1 1 1 1 1 1 1 1 1 1 1 1 
1 1 1 1 1 1 1 1 1 1 1 1 1 1 1 1 1 1 1 1 
1 1 1 1 1 1 1 1 1 1 1 1 1 1 1 1 1 1 1 1 
1 1 1 1 1 1 1 1 1 1 1 1 1 1 1 1 1 1 1 1 
1 1 1 1 1 1 1 1 1 1 1 1 1 1 1 1 1 1 1 1 
1 1 1 1 1 1 1 1 1 1 1 1 1 1 1 1 1 1 1 1 
1 1 1 1 1 1 1 1 1 1 1 1 1 1 1 1 1 1 1 1 
1 1 1 1 1 1 1 1 1 1 1 1 1 1 1 1 1 1 1 1 
1 1 1 1 1 1 1 1 1 1 1 1 1 1 1 1 1 1 1 1 
1 1 1 1 1 1 1 1 1 1 1 1 1 1 1 1 1 1 1 1 
1 1 1 1 1 1 1 1 1 1 1 1 1 1 1 1 1 1 1 1 
1 0 0 2
1 0 0 5
1 0 0 9
1 0 0 14
2 0 0
1 0 4 5
1 0 4 6
1 0 4 11
1 0 4 13
2 0 4
1 0 8 14
1 0 8 15
1 0 8 18
2 0 8
1 0 12 9
1 0 12 17
2 0 12
1 0 16 2
1 0 16 10
1 0 16 11
1 0 16 17
2 0 16
1 1 0 3
1 1 0 6
1 1 0 7
1 1 0 10
2 1 0
1 1 4 8
1 1 4 11
1 1 4 19
2 1 4
1 1 4 2
2 1 4
1 0 12 3
1 0 12 6
1 0 12 18
2 0 12
1 1 8 6
1 1 8 7
1 1 8 11
1 1 8 17
2 1 8
1 1 12 0
1 1 12 2
1 1 12 16
1 1 12 17
2 1 12
1 1 16 1
1 1 16 16
1 1 16 17
1 1 16 18
2 1 16
1 2 0 0
1 2 0 1
1 2 0 12
1 2 0 19
2 2 0
1 0 8 5
1 0 8 14
2 0 8
1 1 4 2
1 1 4 5
2 1 4
1 2 4 4
1 2 4 8
1 2 4 11
1 2 4 14
2 2 4
1 2 8 7
1 2 8 15
1 2 8 16
2 2 8
1 2 12 1
1 2 12 8
1 2 12 18
1 2 12 19
2 2 12
1 2 16 0
1 2 16 10
1 2 16 15
1 2 16 16
2 2 16
1 3 0 9
1 3 0 15
1 3 0 18
1 3 0 19
2 3 0
1 3 4 2
1 3 4 7
1 3 4 10
1 3 4 14
2 3 4
1 3 8 7
1 3 8 14
1 3 8 15
1 3 8 19
2 3 8
1 0 12 15
2 0 12
1 3 12 4
1 3 12 10
1 3 12 11
1 3 12 18
2 3 12
1 3 16 1
1 3 16 3
1 3 16 5
1 3 16 8
2 3 16
1 4 0 0
1 4 0 6
1 4 0 17
1 4 0 19
2 4 0
1 2 12 14
2 2 12
1 4 4 6
1 4 4 7
1 4 4 8
1 4 4 11
2 4 4
1 4 8 0
1 4 8 1
1 4 8 17
2 4 8
1 1 12 10
2 1 12
1 4 8 4
1 4 8 11
2 4 8
1 2 8 14
1 2 8 15
2 2 8
1 4 12 9
1 4 12 14
1 4 12 15
1 4 12 18
2 4 12
1 4 16 1
1 4 16 2
1 4 16 3
1 4 16 12
2 4 16
1 3 8 17
2 3 8
1 5 0 1
1 5 0 8
1 5 0 11
1 5 0 13
2 5 0
1 5 4 11
1 5 4 14
1 5 4 15
2 5 4
1 5 8 8
1 5 8 10
1 5 8 13
1 5 8 17
2 5 8
1 5 12 2
1 5 12 11
2 5 12
1 5 16 6
1 5 16 9
1 5 16 18
1 5 16 19
2 5 16
1 6 0 12
1 6 0 14
1 6 0 17
1 6 0 19
2 6 0
1 6 4 4
1 6 4 11
1 6 4 12
1 6 4 13
2 6 4
1 5 12 14
1 5 12 15
2 5 12
1 0 16 16
2 0 16
1 6 8 6
1 6 8 9
1 6 8 13
1 6 8 18
2 6 8
1 6 12 8
1 6 12 9
1 6 12 17
1 6 12 19
2 6 12
1 6 16 10
1 6 16 17
1 6 16 18
1 6 16 19
2 6 16
1 7 0 2
1 7 0 5
1 7 0 16
1 7 0 17
2 7 0
1 7 4 5
1 7 4 10
1 7 4 13
1 7 4 14
2 7 4
1 7 8 2
1 7 8 9
1 7 8 11
1 7 8 17
2 7 8
3 1 4
1 1 4 14
2 1 4
1 7 12 1
1 7 12 7
1 7 12 8
1 7 12 9
2 7 12
1 7 16 2
1 7 16 12
1 7 16 19
2 7 16
1 8 0 6
1 8 0 8
1 8 0 11
1 8 0 14
2 8 0
2 2 12
1 6 4 17
2 6 4
1 1 4 3
1 1 4 5
2 1 4
1 2 12 4
1 2 12 16
2 2 12
1 8 4 2
1 8 4 5
1 8 4 9
2 8 4
1 8 8 1
1 8 8 4
1 8 8 7
1 8 8 11
2 8 8
1 8 12 4
1 8 12 8
1 8 12 10
1 8 12 16
2 8 12
1 8 16 0
1 8 16 1
1 8 16 14
1 8 16 17
2 8 16
1 9 0 3
1 9 0 4
1 9 0 5
1 9 0 11
2 9 0
1 4 12 12
2 4 12
1 8 4 0
1 8 4 15
2 8 4
1 9 4 5
1 9 4 9
1 9 4 14
1 9 4 15
2 9 4
1 9 8 0
1 9 8 3
1 9 8 4
1 9 8 12
2 9 8
1 9 12 0
1 9 12 13
1 9 12 15
1 9 12 16
2 9 12
1 9 16 1
1 9 16 8
1 9 16 19
2 9 16
1 10 0 5
1 10 0 7
1 10 0 10
1 10 0 19
2 10 0
1 7 16 18
1 7 16 19
2 7 16
1 9 16 8
1 9 16 16
2 9 16
1 10 4 0
1 10 4 1
1 10 4 2
1 10 4 15
2 10 4
1 10 8 0
1 10 8 1
1 10 8 14
1 10 8 17
2 10 8
1 10 12 1
1 10 12 8
1 10 12 14
1 10 12 17
2 10 12
1 10 16 3
1 10 16 11
1 10 16 17
2 10 16
1 8 16 8
2 8 16
1 11 0 0
1 11 0 3
1 11 0 6
1 11 0 17
2 11 0
3 5 4
1 5 4 14
1 5 4 18
2 5 4
1 5 12 8
1 5 12 9
2 5 12
1 5 4 8
1 5 4 9
2 5 4
1 11 4 2
1 11 4 5
1 11 4 11
1 11 4 16
2 11 4
1 11 8 12
1 11 8 13
2 11 8
1 11 12 1
1 11 12 7
1 11 12 9
1 11 12 15
2 11 12
1 7 0 10
2 7 0
1 11 8 7
1 11 8 10
1 11 8 15
2 11 8
1 11 16 5
1 11 16 16
1 11 16 17
1 11 16 19
2 11 16
2 5 0
1 12 0 2
1 12 0 3
1 12 0 5
1 12 0 10
2 12 0
1 6 0 2
2 6 0
1 12 4 4
1 12 4 6
1 12 4 7
1 12 4 11
2 12 4
1 12 8 2
1 12 8 5
1 12 8 9
2 12 8
1 12 12 2
1 12 12 6
1 12 12 9
1 12 12 18
2 12 12
1 12 16 6
1 12 16 7
1 12 16 11
1 12 16 13
2 12 16
1 13 0 0
1 13 0 11
1 13 0 13
1 13 0 15
2 13 0
2 9 0
1 13 4 5
1 13 4 13
1 13 4 14
1 13 4 16
2 13 4
1 13 8 2
1 13 8 5
1 13 8 11
1 13 8 19
2 13 8
1 5 0 11
1 5 0 17
2 5 0
3 4 4
1 4 4 3
2 4 4
1 13 12 4
1 13 12 16
1 13 12 18
2 13 12
1 1 12 19
2 1 12
1 5 4 10
2 5 4
1 13 12 0
1 13 12 15
2 13 12
1 13 16 11
1 13 16 13
1 13 16 15
1 13 16 17
2 13 16
1 14 0 8
1 14 0 10
1 14 0 19
2 14 0
1 14 4 4
1 14 4 10
1 14 4 18
2 14 4
1 4 4 16
1 4 4 18
2 4 4
1 8 0 2
2 8 0
1 14 8 1
1 14 8 7
1 14 8 16
2 14 8
1 14 12 4
1 14 12 7
1 14 12 10
1 14 12 11
2 14 12
1 11 4 5
2 11 4
1 12 8 3
1 12 8 17
2 12 8
1 14 16 2
1 14 16 14
1 14 16 15
1 14 16 18
2 14 16
1 15 0 1
1 15 0 5
1 15 0 19
2 15 0
1 1 12 2
2 1 12
3 7 16
1 7 16 3
2 7 16
1 11 8 16
2 11 8
1 15 4 5
1 15 4 6
1 15 4 7
1 15 4 16
2 15 4
1 15 8 9
1 15 8 15
1 15 8 18
2 15 8
1 7 4 8
2 7 4
1 9 8 16
2 9 8
1 10 0 4
2 10 0
2 12 0
1 6 12 1
2 6 12
1 15 12 4
1 15 12 9
1 15 12 17
1 15 12 18
2 15 12
1 15 0 2
1 15 0 19
2 15 0
1 9 0 14
1 9 0 17
2 9 0
1 7 16 8
1 7 16 10
2 7 16
1 15 16 2
1 15 16 12
1 15 16 17
1 15 16 19
2 15 16
1 16 0 10
1 16 0 12
1 16 0 13
2 16 0
1 14 8 17
1 14 8 19
2 14 8
1 16 4 3
1 16 4 5
1 16 4 8
1 16 4 16
2 16 4
1 16 8 2
1 16 8 6
1 16 8 12
1 16 8 13
2 16 8
1 14 0 8
1 14 0 9
2 14 0
1 16 12 3
1 16 12 4
1 16 12 10
1 16 12 18
2 16 12
1 11 0 9
2 11 0
1 2 4 16
2 2 4
1 16 0 4
1 16 0 7
2 16 0
1 6 4 10
2 6 4
1 7 0 2
2 7 0
1 5 12 9
2 5 12
1 14 4 7
1 14 4 10
2 14 4
1 16 16 0
1 16 16 5
1 16 16 6
1 16 16 16
2 16 16
3 14 8
1 14 8 16
2 14 8
1 17 0 0
1 17 0 4
1 17 0 9
1 17 0 10
2 17 0
1 17 4 4
1 17 4 7
1 17 4 9
1 17 4 14
2 17 4
1 17 8 1
1 17 8 5
1 17 8 7
1 17 8 11
2 17 8
1 17 12 3
1 17 12 4
1 17 12 10
1 17 12 18
2 17 12
1 15 4 19
2 15 4
1 17 16 1
1 17 16 8
1 17 16 11
1 17 16 13
2 17 16
1 18 0 1
1 18 0 7
1 18 0 15
1 18 0 19
2 18 0
1 18 4 2
1 18 4 3
1 18 4 6
1 18 4 18
2 18 4
1 10 16 2
1 10 16 11
2 10 16
1 4 4 4
2 4 4
1 18 8 2
1 18 8 9
1 18 8 16
1 18 8 18
2 18 8
1 0 0 14
2 0 0
1 1 16 4
2 1 16
1 7 0 11
2 7 0
1 18 12 2
1 18 12 5
1 18 12 9
1 18 12 10
2 18 12
1 15 8 3
1 15 8 12
2 15 8
1 10 12 11
2 10 12
1 14 8 1
1 14 8 18
2 14 8
1 12 16 15
2 12 16
3 13 0
1 13 0 14
2 13 0
3 1 16
1 1 16 3
2 1 16
1 13 12 0
2 13 12
1 18 16 1
1 18 16 3
1 18 16 7
1 18 16 11
2 18 16
1 19 0 6
1 19 0 10
1 19 0 17
1 19 0 18
2 19 0
3 7 8
1 7 8 12
2 7 8
1 12 4 18
2 12 4
1 10 16 1
2 10 16
1 11 16 3
2 11 16
1 9 16 8
2 9 16
1 2 16 17
2 2 16
1 19 4 7
1 19 4 9
1 19 4 13
1 19 4 15
2 19 4
1 13 0 15
1 13 0 17
2 13 0
1 19 8 0
1 19 8 1
1 19 8 2
1 19 8 3
2 19 8
2 11 16
1 19 12 12
1 19 12 13
1 19 12 14
1 19 12 18
2 19 12
1 19 16 0
1 19 16 4
1 19 16 5
1 19 16 9
2 19 16
1 15 16 10
2 15 16
1 12 12 19
2 12 12
1 1 12 9
2 1 12
1 11 12 4
2 11 12
1 8 16 14
2 8 16
1 4 4 5
2 4 4
1 10 0 19
2 10 0
1 12 0 8
1 12 0 19
2 12 0
1 11 16 5
1 11 16 8
2 11 16
1 1 16 8
1 1 16 10
2 1 16
1 17 8 3
2 17 8
1 8 12 16
2 8 12
3 1 8
1 1 8 16
2 1 8
1 9 0 0
2 9 0
1 14 8 17
2 14 8
3 6 16
1 6 16 5
2 6 16
3 2 0
1 2 0 8
2 2 0
1 3 8 19
2 3 8
2 2 4
1 2 4 10
1 2 4 17
2 2 4
1 6 8 2
2 6 8
3 1 8
3 1 8
1 1 8 0
1 1 8 1
1 1 8 8
1 1 8 17
2 1 8
2 6 0
3 13 12
1 13 12 15
2 13 12
2 9 16
1 0 8 3
2 0 8
1 6 0 6
1 6 0 18
2 6 0
1 6 16 2
1 6 16 10
2 6 16
1 11 16 16
2 11 16
1 12 8 11
2 12 8
1 5 4 19
2 5 4
3 17 0
1 17 0 1
2 17 0
3 15 16
1 15 16 17
2 15 16
3 18 0
1 18 0 18
2 18 0
3 2 12
1 2 12 18
2 2 12
1 2 0 3
1 2 0 19
2 2 0
3 2 12
3 2 12
1 2 12 7
1 2 12 14
1 2 12 16
1 2 12 17
2 2 12
1 15 8 10
2 15 8
1 11 0 17
2 11 0
3 11 12
1 11 12 0
2 11 12
1 13 12 10
1 13 12 18
2 13 12
1 15 16 0
1 15 16 15
2 15 16
1 1 4 15
2 1 4
3 10 8
1 10 8 1
2 10 8
1 12 8 2
2 12 8
1 11 12 1
1 11 12 3
2 11 12
1 5 8 10
2 5 8
1 2 12 2
2 2 12
3 7 8
3 7 8
1 7 8 9
1 7 8 11
1 7 8 15
1 7 8 17
2 7 8
1 11 12 18
2 11 12
1 15 12 3
2 15 12
1 9 16 14
2 9 16
1 8 4 11
2 8 4
1 4 4 11
2 4 4
1 13 4 5
2 13 4
1 9 16 12
1 9 16 13
2 9 16
1 13 16 14
2 13 16
1 18 12 5
2 18 12
1 19 0 19
2 19 0
3 8 8
1 8 8 14
2 8 8
1 9 0 6
2 9 0
1 18 0 12
1 18 0 17
2 18 0
1 9 8 9
2 9 8
1 6 8 5
2 6 8
1 4 8 9
2 4 8
3 8 8
3 8 8
1 8 8 0
1 8 8 1
1 8 8 4
1 8 8 19
2 8 8
1 11 0 12
2 11 0
1 13 8 5
2 13 8
1 18 8 8
2 18 8
1 1 12 8
2 1 12
2 18 8
1 16 4 9
2 16 4
1 8 4 4
2 8 4
1 6 8 16
2 6 8
1 16 12 15
2 16 12
1 18 8 1
1 18 8 7
2 18 8
1 0 0 5
2 0 0
2 11 12
3 18 0
3 18 0
1 18 0 19
2 18 0
1 11 12 4
1 11 12 10
2 11 12
1 18 0 7
1 18 0 10
1 18 0 17
2 18 0
1 10 8 7
1 10 8 15
2 10 8
1 3 12 6
2 3 12
1 17 0 8
1 17 0 9
2 17 0
1 12 12 4
2 12 12
1 19 16 14
2 19 16
1 11 8 5
2 11 8
1 18 4 19
2 18 4
1 13 0 14
2 13 0
1 2 12 10
2 2 12
1 11 8 9
2 11 8
1 10 16 18
2 10 16
1 11 12 18
2 11 12
1 17 8 2
2 17 8
2 12 4
3 1 4
1 1 4 11
2 1 4
1 19 12 11
2 19 12
1 2 16 14
2 2 16
3 1 4
3 1 4
1 1 4 6
1 1 4 7
1 1 4 10
1 1 4 17
2 1 4
2 9 16
1 4 4 2
2 4 4
3 12 8
1 12 8 3
2 12 8
1 3 16 10
2 3 16
1 14 8 11
2 14 8
3 15 4
1 15 4 5
2 15 4
1 18 4 12
2 18 4
1 8 16 0
2 8 16
1 12 8 5
1 12 8 9
2 12 8
3 3 12
1 3 12 13
2 3 12
1 11 12 2
2 11 12
1 3 8 19
2 3 8
3 3 12
3 3 12
1 3 12 7
1 3 12 9
1 3 12 15
1 3 12 19
2 3 12
1 12 4 16
1 12 4 17
2 12 4
1 5 16 18
2 5 16
1 6 0 17
2 6 0
1 0 8 10
2 0 8
1 1 0 14
2 1 0
2 0 4
2 11 12
2 3 0
1 0 0 5
2 0 0
1 6 4 5
2 6 4
3 0 4
3 0 4
1 0 4 0
1 0 4 7
1 0 4 14
1 0 4 17
2 0 4
1 9 16 1
1 9 16 7
2 9 16
2 18 8
1 3 0 12
1 3 0 13
2 3 0
1 5 0 17
2 5 0
1 7 4 10
2 7 4
3 18 0
1 18 0 2
2 18 0
2 10 12
1 2 4 17
2 2 4
3 10 12
3 10 12
1 10 12 9
1 10 12 16
1 10 12 17
1 10 12 18
2 10 12
1 7 0 4
2 7 0
1 12 0 6
2 12 0
1 15 4 8
1 15 4 9
2 15 4
2 19 0
1 18 8 6
1 18 8 18
2 18 8
1 11 8 2
2 11 8
1 19 0 0
1 19 0 2
2 19 0
3 9 16
1 9 16 10
2 9 16
1 0 8 2
2 0 8
1 18 4 3
2 18 4
3 9 16
3 9 16
1 9 16 0
1 9 16 2
1 9 16 3
1 9 16 6
2 9 16
3 17 8
1 17 8 17
2 17 8
1 17 8 12
1 17 8 14
2 17 8
1 14 0 8
2 14 0
1 2 12 5
2 2 12
1 6 4 11
2 6 4
1 11 12 11
1 11 12 14
2 11 12
1 18 8 14
2 18 8
1 4 0 9
2 4 0
1 19 12 2
2 19 12
1 3 0 8
2 3 0
1 3 12 15
2 3 12
1 6 12 9
2 6 12
1 6 12 0
2 6 12
1 9 16 10
2 9 16
1 19 12 5
2 19 12
1 6 12 15
2 6 12
1 14 16 16
2 14 16
1 15 16 16
2 15 16
1 2 4 10
2 2 4
1 0 8 8
2 0 8
2 19 12
2 11 4
3 14 0
1 14 0 19
2 14 0
1 9 0 16
2 9 0
3 15 12
1 15 12 1
2 15 12
1 13 8 3
2 13 8
1 10 16 5
2 10 16
3 15 12
1 15 12 1
1 15 12 18
2 15 12
1 8 0 0
2 8 0
1 15 12 7
1 15 12 16
2 15 12
1 4 8 17
2 4 8
1 1 0 8
2 1 0
1 6 16 5
2 6 16
1 14 0 1
1 14 0 19
2 14 0
3 7 12
3 7 12
1 7 12 16
2 7 12
1 7 12 0
1 7 12 4
2 7 12
1 11 8 4
2 11 8
1 18 0 9
1 18 0 18
2 18 0
1 19 12 8
1 19 12 11
2 19 12
1 3 4 14
2 3 4
1 15 16 2
2 15 16
1 13 16 19
2 13 16
1 10 0 12
2 10 0
1 9 0 2
2 9 0
1 13 4 16
2 13 4
1 14 12 9
2 14 12
3 7 12
3 7 12
1 7 12 4
1 7 12 10
1 7 12 12
1 7 12 19
2 7 12
1 4 16 0
2 4 16
1 4 4 3
2 4 4
1 2 0 15
2 2 0
1 6 8 17
2 6 8
1 17 0 17
2 17 0
1 9 16 15
2 9 16
1 7 16 4
2 7 16
1 11 8 0
2 11 8
3 11 4
3 11 4
1 11 4 13
1 11 4 15
1 11 4 16
1 11 4 18
2 11 4
1 0 12 14
2 0 12
1 11 12 13
2 11 12
3 14 8
1 14 8 14
2 14 8
1 14 8 0
1 14 8 5
2 14 8
1 18 8 5
2 18 8
1 2 16 5
2 2 16
1 2 8 14
2 2 8
1 13 16 18
2 13 16
3 2 8
1 2 8 18
2 2 8
3 2 8
3 2 8
1 2 8 0
1 2 8 1
1 2 8 12
1 2 8 15
2 2 8
3 16 0
1 16 0 5
2 16 0
1 15 0 8
2 15 0
1 1 8 16
2 1 8
1 1 0 14
2 1 0
1 12 8 9
2 12 8
2 4 16
1 10 8 1
2 10 8
3 4 16
1 4 16 2
1 4 16 19
2 4 16
3 4 16
3 4 16
1 4 16 4
1 4 16 8
1 4 16 11
1 4 16 18
2 4 16
1 16 0 7
1 16 0 10
2 16 0
1 2 12 14
2 2 12
1 8 0 14
2 8 0
1 9 4 0
2 9 4
2 12 4
1 14 16 2
2 14 16
1 13 8 12
2 13 8
3 12 4
3 12 4
1 12 4 0
1 12 4 1
1 12 4 6
1 12 4 7
2 12 4
3 13 0
1 13 0 3
2 13 0
1 15 12 10
2 15 12
1 7 4 8
2 7 4
1 13 0 1
1 13 0 17
2 13 0
3 12 16
1 12 16 10
2 12 16
1 8 4 19
2 8 4
1 0 16 14
2 0 16
3 19 8
1 19 8 9
2 19 8
3 2 4
1 2 4 3
2 2 4
1 14 0 5
2 14 0
1 2 4 17
2 2 4
1 12 4 5
2 12 4
1 19 4 9
2 19 4
3 9 0
1 9 0 18
2 9 0
1 2 8 13
2 2 8
1 1 0 15
2 1 0
3 12 16
1 12 16 14
1 12 16 17
2 12 16
2 1 0
1 8 12 17
2 8 12
1 1 12 16
2 1 12
3 6 16
1 6 16 3
2 6 16
1 18 12 4
2 18 12
1 16 8 0
2 16 8
1 19 8 12
1 19 8 17
2 19 8
1 12 16 12
1 12 16 16
2 12 16
1 1 0 8
1 1 0 9
2 1 0
1 15 12 8
2 15 12
1 0 8 8
2 0 8
1 1 12 14
2 1 12
3 16 4
1 16 4 15
2 16 4
1 4 16 19
2 4 16
1 9 8 15
2 9 8
1 9 8 8
2 9 8
3 17 8
1 17 8 3
2 17 8
1 0 12 3
2 0 12
1 8 8 5
2 8 8
1 16 4 3
1 16 4 10
2 16 4
1 7 12 5
2 7 12
1 1 16 14
2 1 16
1 17 12 17
2 17 12
1 19 16 5
2 19 16
1 13 12 4
2 13 12
1 9 0 2
1 9 0 9
2 9 0
1 6 16 11
1 6 16 17
2 6 16
1 16 16 15
2 16 16
1 2 4 3
1 2 4 10
2 2 4
1 2 8 9
2 2 8
1 5 8 1
2 5 8
1 1 0 1
2 1 0
3 1 4
1 1 4 16
2 1 4
1 17 16 19
2 17 16
2 6 8
2 16 4
1 13 0 18
2 13 0
1 12 0 3
2 12 0
1 17 8 5
1 17 8 9
2 17 8
3 6 8
1 6 8 8
1 6 8 19
2 6 8
1 14 16 10
2 14 16
1 0 0 10
2 0 0
1 1 4 7
1 1 4 12
2 1 4
1 4 16 16
2 4 16
1 15 8 8
2 15 8
1 19 0 19
2 19 0
1 8 4 8
2 8 4
1 6 8 0
1 6 8 1
2 6 8
1 1 12 8
2 1 12
1 13 16 0
2 13 16
3 16 16
1 16 16 16
2 16 16
1 10 4 9
2 10 4
1 8 4 1
2 8 4
1 2 16 19
2 2 16
1 10 16 19
2 10 16
3 19 0
1 19 0 15
2 19 0
3 18 16
1 18 16 15
2 18 16
1 13 12 14
2 13 12
1 7 8 7
2 7 8
1 7 12 0
2 7 12
3 8 0
1 8 0 8
2 8 0
1 9 16 10
2 9 16
1 6 4 3
2 6 4
1 0 16 8
2 0 16
1 16 16 3
1 16 16 8
2 16 16
3 13 8
1 13 8 19
2 13 8
1 1 16 17
2 1 16
1 10 12 4
2 10 12
2 6 4
1 17 0 19
2 17 0
1 18 16 7
1 18 16 16
2 18 16
1 9 12 18
2 9 12
1 16 4 3
1 16 4 8
2 16 4
1 9 4 16
2 9 4
3 12 4
1 12 4 14
2 12 4
1 10 4 5
2 10 4
1 12 4 6
1 12 4 7
2 12 4
1 2 16 7
2 2 16
1 18 4 16
2 18 4
1 8 12 7
2 8 12
1 18 0 19
2 18 0
2 14 0
1 19 4 12
2 19 4
1 11 4 18
2 11 4
1 2 16 9
2 2 16
1 0 12 12
2 0 12
1 12 4 3
2 12 4
1 1 8 3
2 1 8
1 13 8 1
1 13 8 16
2 13 8
1 2 8 2
2 2 8
1 19 0 5
1 19 0 11
2 19 0
1 9 8 9
2 9 8
1 1 4 3
2 1 4
1 13 12 5
2 13 12
1 18 4 8
2 18 4
1 13 16 1
2 13 16
1 18 8 14
2 18 8
3 14 0
1 14 0 8
1 14 0 9
2 14 0
1 9 8 18
2 9 8
1 6 4 2
1 6 4 5
2 6 4
3 3 0
1 3 0 19
2 3 0
1 15 12 14
2 15 12
1 13 4 2
2 13 4
1 5 12 15
2 5 12
1 8 0 4
1 8 0 11
2 8 0
1 17 12 10
2 17 12
1 10 0 3
2 10 0
1 13 4 5
2 13 4
1 0 16 17
2 0 16
3 15 12
1 15 12 5
2 15 12
1 15 12 19
2 15 12
1 4 8 16
2 4 8
1 5 8 2
2 5 8
1 15 12 12
1 15 12 13
2 15 12
1 14 16 8
2 14 16
1 1 12 11
2 1 12
1 0 16 16
2 0 16
3 8 12
1 8 12 1
2 8 12
3 7 8
1 7 8 2
2 7 8
1 4 16 3
2 4 16
1 7 8 3
1 7 8 15
2 7 8
1 0 12 10
2 0 12
1 19 12 3
2 19 12
1 13 12 16
2 13 12
1 6 4 13
2 6 4
1 17 12 4
2 17 12
1 8 12 6
1 8 12 7
2 8 12
2 18 4
1 14 0 0
1 14 0 1
2 14 0
1 12 4 10
2 12 4
1 17 8 19
2 17 8
1 18 4 2
2 18 4
1 15 8 16
2 15 8
1 16 0 9
2 16 0
3 14 4
1 14 4 1
2 14 4
1 6 0 16
2 6 0
1 11 16 2
2 11 16
1 2 16 17
2 2 16
1 9 4 8
2 9 4
2 19 16
1 3 0 4
1 3 0 11
2 3 0
3 15 0
1 15 0 14
2 15 0
3 19 16
1 19 16 5
1 19 16 19
2 19 16
3 4 12
1 4 12 17
2 4 12
1 16 16 6
2 16 16
3 19 16
1 19 16 11
1 19 16 17
2 19 16
1 19 16 10
1 19 16 13
2 19 16
1 19 12 2
2 19 12
1 11 16 16
2 11 16
1 15 4 13
2 15 4
1 18 4 8
1 18 4 16
2 18 4
1 10 8 0
2 10 8
3 18 0
1 18 0 2
2 18 0
1 14 0 2
2 14 0
1 8 0 1
2 8 0
3 4 12
3 4 12
1 4 12 11
1 4 12 14
1 4 12 17
1 4 12 18
2 4 12
1 13 12 16
2 13 12
1 6 8 16
2 6 8
1 16 16 0
2 16 16
3 18 0
1 18 0 5
1 18 0 14
2 18 0
1 2 8 18
2 2 8
3 9 12
1 9 12 19
2 9 12
1 5 12 14
2 5 12
3 9 12
3 9 12
1 9 12 3
1 9 12 8
1 9 12 15
1 9 12 19
2 9 12
1 9 0 10
2 9 0
1 18 12 11
2 18 12
1 18 0 16
2 18 0
1 6 0 0
2 6 0
1 0 0 2
2 0 0
3 3 12
1 3 12 16
2 3 12
1 17 0 10
2 17 0
1 14 4 5
1 14 4 19
2 14 4
1 15 0 3
1 15 0 12
2 15 0
1 18 0 14
1 18 0 18
2 18 0
1 2 4 5
2 2 4
1 16 4 9
2 16 4
1 0 12 8
2 0 12
1 14 12 8
2 14 12
1 10 8 18
2 10 8
3 3 16
1 3 16 16
2 3 16
1 12 0 12
2 12 0
1 4 8 18
2 4 8
1 9 12 10
2 9 12
3 14 16
1 14 16 16
2 14 16
3 15 16
1 15 16 5
2 15 16
2 16 4
1 19 8 3
2 19 8
1 18 0 17
2 18 0
2 14 12
3 7 8
1 7 8 11
2 7 8
1 1 4 5
2 1 4
1 6 12 14
2 6 12
1 17 8 7
2 17 8
1 14 12 2
1 14 12 11
2 14 12
1 8 12 0
2 8 12
3 8 12
1 8 12 2
2 8 12
1 6 8 8
2 6 8
3 14 4
1 14 4 5
2 14 4
1 15 8 2
2 15 8
1 18 12 8
2 18 12
3 4 8
1 4 8 1
2 4 8
3 16 4
1 16 4 5
1 16 4 19
2 16 4
3 4 0
1 4 0 19
2 4 0
1 13 16 17
2 13 16
1 16 0 17
2 16 0
1 5 12 18
2 5 12
1 0 8 9
2 0 8
1 3 16 3
1 3 16 15
2 3 16
3 10 4
1 10 4 19
2 10 4
1 11 4 6
2 11 4
3 5 0
1 5 0 19
2 5 0
3 19 16
1 19 16 15
2 19 16
1 3 12 3
1 3 12 12
2 3 12
1 4 8 17
1 4 8 19
2 4 8
1 12 4 17
2 12 4
2 19 16
1 2 0 10
2 2 0
3 1 4
1 1 4 19
2 1 4
1 2 4 9
2 2 4
2 2 4
1 14 16 2
1 14 16 5
2 14 16
1 18 12 14
2 18 12
3 5 16
1 5 16 4
2 5 16
3 9 0
1 9 0 14
2 9 0
1 6 12 2
2 6 12
3 11 0
1 11 0 14
2 11 0
3 3 0
1 3 0 3
2 3 0
1 0 0 8
2 0 0
2 14 0
1 10 8 1
2 10 8
1 4 12 14
2 4 12
2 15 8
1 5 4 5
2 5 4
1 14 8 4
2 14 8
3 15 8
1 15 8 2
2 15 8
3 4 12
1 4 12 2
2 4 12
1 0 8 2
2 0 8
1 17 12 11
2 17 12
1 10 12 10
2 10 12
1 7 8 12
1 7 8 13
2 7 8
1 13 0 19
2 13 0
1 16 0 1
2 16 0
1 17 8 3
2 17 8
3 2 4
1 2 4 5
1 2 4 11
2 2 4
1 5 0 6
1 5 0 9
2 5 0
2 4 8
2 9 12
1 18 8 4
2 18 8
1 4 8 9
1 4 8 17
2 4 8
3 13 12
1 13 12 5
2 13 12
1 7 16 19
2 7 16
1 5 8 17
2 5 8
1 13 16 1
2 13 16
1 11 16 8
2 11 16
1 18 4 18
2 18 4
1 2 4 15
1 2 4 19
2 2 4
1 1 12 8
2 1 12
1 2 12 16
2 2 12
1 12 4 8
2 12 4
2 19 4
3 18 4
1 18 4 9
2 18 4
1 9 4 4
2 9 4
1 17 0 18
2 17 0
2 10 16
1 4 8 1
2 4 8
1 19 4 0
1 19 4 15
2 19 4
1 7 0 18
2 7 0
3 0 12
1 0 12 19
2 0 12
3 17 16
1 17 16 17
2 17 16
3 9 12
1 9 12 8
1 9 12 9
2 9 12
1 15 16 10
2 15 16
3 4 16
1 4 16 5
2 4 16
1 0 12 1
1 0 12 5
2 0 12
1 14 12 2
2 14 12
1 6 0 14
2 6 0
1 2 8 1
2 2 8
1 7 12 3
2 7 12
2 16 0
1 4 12 0
1 4 12 15
2 4 12
1 12 0 14
2 12 0
1 14 12 18
2 14 12
3 0 0
1 0 0 0
2 0 0
3 8 12
1 8 12 8
1 8 12 9
2 8 12
1 14 0 1
1 14 0 11
2 14 0
3 12 4
1 12 4 16
2 12 4
2 7 8
1 11 0 1
1 11 0 17
2 11 0
1 5 16 8
1 5 16 9
2 5 16
1 18 12 16
2 18 12
1 6 0 5
2 6 0
1 2 0 15
2 2 0
2 7 8
3 14 4
1 14 4 5
1 14 4 16
2 14 4
1 16 4 17
2 16 4
3 18 0
1 18 0 3
2 18 0
3 0 4
1 0 4 6
2 0 4
3 4 16
1 4 16 8
1 4 16 14
2 4 16
1 1 4 1
1 1 4 8
2 1 4
3 10 16
1 10 16 5
1 10 16 14
2 10 16
3 14 4
1 14 4 14
1 14 4 17
2 14 4
1 18 4 8
1 18 4 19
2 18 4
1 13 12 5
1 13 12 13
2 13 12
2 12 16
1 18 0 5
1 18 0 9
2 18 0
1 9 8 19
2 9 8
1 9 12 2
1 9 12 3
2 9 12
2 19 8
1 11 12 17
2 11 12
1 6 4 10
2 6 4
1 19 16 8
1 19 16 16
2 19 16
1 15 12 18
2 15 12
3 18 4
1 18 4 19
2 18 4
2 0 8
1 15 8 6
1 15 8 7
2 15 8
3 6 16
1 6 16 17
2 6 16
1 9 0 5
1 9 0 17
2 9 0
1 16 0 4
2 16 0
1 8 12 6
1 8 12 11
2 8 12
1 4 16 1
1 4 16 18
2 4 16
1 12 8 14
2 12 8
3 19 8
1 19 8 10
1 19 8 17
2 19 8
1 18 16 4
2 18 16
2 0 16
1 12 4 8
1 12 4 11
2 12 4
1 12 0 17
2 12 0
3 9 4
1 9 4 10
2 9 4
3 0 16
1 0 16 12
1 0 16 13
2 0 16
2 6 12
1 15 16 0
1 15 16 1
2 15 16
1 0 8 5
1 0 8 11
2 0 8
1 11 8 11
2 11 8
3 5 16
1 5 16 14
2 5 16
1 0 4 7
1 0 4 16
2 0 4
1 12 16 5
1 12 16 13
2 12 16
1 4 0 8
1 4 0 14
2 4 0
1 14 4 5
1 14 4 16
2 14 4
3 15 8
1 15 8 0
1 15 8 6
2 15 8
1 7 4 6
2 7 4
1 4 0 5
2 4 0
3 0 0
1 0 0 0
1 0 0 1
2 0 0
3 4 16
1 4 16 14
2 4 16
3 7 12
1 7 12 8
2 7 12
2 11 4
1 17 4 1
2 17 4
2 5 16
1 1 16 14
2 1 16
1 4 8 18
2 4 8
1 13 16 18
2 13 16
3 0 4
1 0 4 2
2 0 4
1 6 12 9
2 6 12
1 1 16 5
2 1 16
1 2 4 2
2 2 4
3 4 16
1 4 16 6
1 4 16 18
2 4 16
1 9 8 2
2 9 8
1 2 16 14
2 2 16
2 18 16
1 19 8 13
1 19 8 17
2 19 8
1 8 12 17
2 8 12
1 9 4 8
1 9 4 13
2 9 4
1 15 16 5
2 15 16
2 8 4
1 19 16 14
1 19 16 18
2 19 16
1 3 0 10
1 3 0 17
2 3 0
1 16 4 0
1 16 4 9
2 16 4
1 18 4 6
1 18 4 17
2 18 4
3 4 16
1 4 16 2
1 4 16 9
2 4 16
2 12 16
1 3 8 15
2 3 8
1 9 4 10
2 9 4
1 3 0 1
2 3 0
1 13 16 11
2 13 16
2 14 12
1 2 12 15
2 2 12
3 11 16
1 11 16 9
2 11 16
1 11 12 17
2 11 12
1 4 16 5
2 4 16
2 14 12
2 10 8
1 1 12 3
2 1 12
3 9 0
3 9 0
1 9 0 19
2 9 0
1 8 12 0
2 8 12
2 18 0
3 3 12
3 3 12
1 3 12 17
2 3 12
1 19 4 1
2 19 4
2 15 0
1 12 16 3
1 12 16 11
2 12 16
1 15 0 9
1 15 0 15
2 15 0
1 5 4 17
2 5 4
3 18 16
1 18 16 5
1 18 16 14
2 18 16
1 7 12 2
1 7 12 10
2 7 12
2 7 12
1 3 16 18
2 3 16
1 5 16 5
1 5 16 14
2 5 16
1 16 4 15
2 16 4
1 1 16 19
2 1 16
1 7 12 19
2 7 12
3 0 0
1 0 0 14
1 0 0 15
2 0 0
1 9 0 0
1 9 0 11
1 9 0 15
2 9 0
1 19 0 19
2 19 0
1 5 8 0
2 5 8
3 0 4
1 0 4 5
1 0 4 10
2 0 4
1 18 12 8
2 18 12
3 0 0
3 0 0
1 0 0 8
1 0 0 16
2 0 0
3 1 0
1 1 0 18
2 1 0
1 11 4 3
1 11 4 7
2 11 4
1 1 16 19
2 1 16
1 9 16 7
2 9 16
2 4 16
1 0 12 10
2 0 12
1 9 12 12
2 9 12
3 1 16
1 1 16 5
2 1 16
3 2 16
3 2 16
1 2 16 2
2 2 16
2 6 0
3 16 0
1 16 0 12
1 16 0 13
2 16 0
1 14 8 11
2 14 8
3 8 16
3 8 16
1 8 16 1
2 8 16
1 1 12 5
2 1 12
3 13 12
1 13 12 12
2 13 12
3 6 12
1 6 12 16
1 6 12 17
2 6 12
1 11 16 8
2 11 16
2 9 8
3 9 8
1 9 8 5
1 9 8 14
2 9 8
1 19 8 9
2 19 8
2 16 16
3 12 0
3 12 0
1 12 0 14
2 12 0
1 13 12 4
1 13 12 14
2 13 12
1 12 16 15
2 12 16
1 16 12 11
2 16 12
3 1 16
1 1 16 8
1 1 16 10
2 1 16
1 19 4 3
2 19 4
2 14 4
3 10 4
1 10 4 14
1 10 4 17
2 10 4
1 11 8 15
2 11 8
1 16 16 9
1 16 16 13
2 16 16
3 17 8
1 17 8 1
2 17 8
1 2 4 18
2 2 4
3 7 12
1 7 12 6
1 7 12 7
2 7 12
1 15 12 6
2 15 12
3 14 4
1 14 4 19
2 14 4
1 14 0 17
2 14 0
1 8 12 4
2 8 12
1 1 16 0
1 1 16 1
2 1 16
3 11 16
1 11 16 0
1 11 16 1
2 11 16
3 2 4
1 2 4 19
2 2 4
1 17 0 4
2 17 0
1 12 8 15
2 12 8
3 1 16
1 1 16 17
2 1 16
1 3 12 8
1 3 12 11
1 3 12 13
2 3 12
2 9 16
1 6 12 10
2 6 12
3 2 4
1 2 4 6
1 2 4 7
2 2 4
3 13 0
1 13 0 19
2 13 0
1 10 16 4
1 10 16 11
2 10 16
2 18 16
1 8 4 12
1 8 4 13
2 8 4
3 1 8
1 1 8 8
2 1 8
2 18 12
3 0 4
1 0 4 6
1 0 4 18
2 0 4
1 5 16 2
1 5 16 18
2 5 16
3 12 12
1 12 12 18
2 12 12
1 2 16 0
1 2 16 6
2 2 16
3 2 12
1 2 12 16
2 2 12
2 19 8
1 3 8 5
2 3 8
1 9 8 0
1 9 8 6
2 9 8
3 11 12
1 11 12 9
2 11 12
1 0 8 3
2 0 8
2 14 0
1 15 16 1
2 15 16
1 18 4 11
2 18 4
2 16 8
1 18 0 5
2 18 0
2 9 8
2 14 16
1 10 16 8
2 10 16
1 2 4 10
1 2 4 17
2 2 4
2 10 8
1 10 8 17
1 10 8 19
2 10 8
3 1 12
1 1 12 6
2 1 12
2 19 0
1 5 0 18
2 5 0
1 6 0 6
1 6 0 18
2 6 0
1 2 4 19
2 2 4
1 15 8 0
2 15 8
3 14 0
1 14 0 3
2 14 0
1 13 4 0
2 13 4
1 5 12 19
2 5 12
1 16 0 2
1 16 0 10
2 16 0
3 10 8
1 10 8 5
1 10 8 14
2 10 8
3 19 16
1 19 16 9
2 19 16
1 11 16 18
1 11 16 19
2 11 16
1 17 4 0
2 17 4
3 8 8
1 8 8 14
2 8 8
1 4 8 4
2 4 8
3 1 8
1 1 8 4
1 1 8 9
2 1 8
3 18 12
1 18 12 2
1 18 12 14
2 18 12
3 0 4
1 0 4 12
1 0 4 14
2 0 4
2 5 8
1 11 8 14
2 11 8
3 17 0
1 17 0 3
2 17 0
3 1 0
1 1 0 14
2 1 0
1 9 8 1
1 9 8 18
2 9 8
3 18 8
1 18 8 7
2 18 8
2 9 8
1 11 16 6
2 11 16
1 19 16 3
1 19 16 8
2 19 16
1 9 0 2
2 9 0
1 5 12 2
2 5 12
3 2 8
1 2 8 19
2 2 8
1 13 8 7
2 13 8
1 4 12 9
2 4 12
1 3 16 11
2 3 16
1 0 0 2
1 0 0 7
1 0 0 9
2 0 0
3 16 8
1 16 8 12
1 16 8 13
2 16 8
3 15 0
1 15 0 8
2 15 0
1 14 16 16
1 14 16 17
2 14 16
1 5 0 13
2 5 0
3 2 12
1 2 12 13
1 2 12 18
2 2 12
3 5 8
1 5 8 12
1 5 8 13
2 5 8
1 19 4 19
2 19 4
1 2 8 0
1 2 8 15
2 2 8
1 7 4 2
2 7 4
1 10 16 10
2 10 16
2 11 8
3 9 8
1 9 8 9
1 9 8 17
2 9 8
3 5 16
1 5 16 14
2 5 16
1 11 8 2
1 11 8 10
2 11 8
1 1 0 0
1 1 0 1
2 1 0
1 8 4 11
2 8 4
1 18 0 2
1 18 0 10
2 18 0
1 18 4 3
2 18 4
2 4 16
2 10 0
1 2 8 10
2 2 8
1 13 12 9
2 13 12
3 17 0
1 17 0 3
1 17 0 15
2 17 0
1 17 0 11
2 17 0
1 9 0 3
2 9 0
1 2 12 18
2 2 12
1 19 8 18
2 19 8
2 14 8
1 3 0 7
2 3 0
1 7 0 3
2 7 0
1 2 4 18
2 2 4
1 14 8 3
1 14 8 5
2 14 8
1 6 4 5
2 6 4
3 3 4
1 3 4 5
2 3 4
1 14 8 9
2 14 8
1 14 12 2
1 14 12 16
2 14 12
3 6 4
1 6 4 14
2 6 4
1 3 0 11
2 3 0
3 5 4
1 5 4 3
2 5 4
3 7 16
1 7 16 5
2 7 16
3 1 0
1 1 0 1
2 1 0
1 15 0 14
2 15 0
1 7 16 16
2 7 16
1 17 8 5
2 17 8
3 3 8
1 3 8 3
2 3 8
1 14 8 15
2 14 8
1 8 8 6
1 8 8 18
2 8 8
1 18 8 11
2 18 8
1 12 0 0
1 12 0 6
1 12 0 17
2 12 0
3 6 16
1 6 16 19
2 6 16
3 2 12
1 2 12 3
1 2 12 15
2 2 12
1 6 8 14
2 6 8
3 15 0
1 15 0 17
1 15 0 19
2 15 0
3 10 12
1 10 12 2
2 10 12
3 4 0
1 4 0 14
2 4 0
1 6 12 5
1 6 12 9
2 6 12
1 10 4 8
1 10 4 9
2 10 4
1 3 4 2
1 3 4 16
2 3 4
1 8 0 0
2 8 0
1 8 4 17
2 8 4
3 13 0
1 13 0 15
2 13 0
1 1 8 11
2 1 8
2 0 16
